Size:6
45
26
58
25
36
71
50
58
22
66
Size:7
72
75
56
72
60
114
51
76
102
68
Size:8
136
85
98
73
192
100
218
270
73
75
Size:9
209
564
446
154
326
477
101
273
249
558
Size:10
523
268
198
325
272
178
1141
164
276
235
Size:11
793
555
298
573
610
974
1413
252
586
186
Size:12
500
999
373
1391
2351
1712
2404
2021
392
4194
Size:13
658
553
1054
2959
1304
3094
7107
873
4822
1127
Size:14
1001
6814
622
44221
2204
1627
11487
573
1567
1946
Size:15
917
1507
623
1602
10732
7902
1667
20157
2681
6457
Size:16
3160
1866
5405
2676
10028
2333
10207
9980
6324
9447
Size:17
3077
3833
13035
6047
10355
17380
23136
14791
6747
24088
Size:18
20488
11532
25572
76448
15749
74522
3888
37350
32300
343511
Size:19
31684
61269
136565
14171
110798
15808
12570
29569
46200
6687
Size:20
79013
9935
263777
31382
12610
55063
53056
4445
46035
132917
Size:21
310922
161490
78000
272849
5568
29301
630757
67348
38845
30379
Size:22
63510
142323
272291
811416
31027
502978
31837
42345
34151
25516
Size:23
2608741
99526
393945
1230360
2850315
940514
287718
360222
295432
3341733
Size:24
77019
275212
180941
2887770
620111
8605922
283842
1731655
56541
784975
Size:25
417409
37869971
1453257
442957
4685859
20774
722684
753832
200380
3277586
Size:26
90069
44777186
630750
25064604
6650084
1884384
368570
4283155
Size:6
60
Size:7
131
