Size:6
74
83
79
80
83
86
84
87
82
87
Size:7
506
568
546
503
543
484
473
474
476
468
Size:8
3578
3945
3655
3829
3502
4009
3889
6059
3992
4455
Size:9
34243
32944
34683
34511
33953
33886
32386
32291
33199
32390
Size:10
339897
357330
340006
339507
350961
342491
337901
346468
342114
346284
Size:11
3905471
4010583
3947860
3896594
3854705
3868126
3889018
3882408
3902694
3863058
Size:12
47231596
47074326
47532322
47358995
47254815
47013374
47214037
47252195
47150500
47305010
Size:13
628981525
618127560
625377946
633215751
624966359
631133921
634313574
629631989
619215684
626406535
Size:14
254739744
338724502
