Size:6
8
7
7
7
7
7
7
7
7
7
Size:7
18
15
28
16
15
15
15
16
15
16
Size:8
59
46
34
48
35
47
60
35
56
56
Size:9
105
90
91
90
90
101
91
89
90
75
Size:10
216
193
190
204
204
189
188
194
211
204
Size:11
518
486
472
459
499
484
487
480
487
489
Size:12
1108
1090
1083
1255
1075
1076
1085
1084
1051
1174
Size:13
2406
2437
2390
2548
2397
2384
3307
2649
3049
2916
Size:14
6408
6118
5851
6314
5919
9092
5996
5405
6023
5832
Size:15
13077
12687
12892
13876
17016
17112
13542
13252
12703
12671
Size:16
29479
29381
30282
34597
32631
29817
32506
31416
29972
38774
Size:17
88278
82900
84664
73603
83106
77824
98178
89028
80615
89564
Size:18
240486
231232
249595
236645
241576
236987
234119
236403
236061
242512
Size:19
617114
635242
609437
623037
622511
620296
626835
618049
612961
621379
Size:20
1443537
1446777
1442788
1451274
1445831
1442216
1443396
1456913
1456648
1449890
Size:21
3473683
3442113
3477048
3459579
3475390
3479707
3487442
3468335
3475556
3458708
Size:22
8323120
8181908
8172616
8191092
8359300
9091923
8281515
8234071
8319743
8185468
Size:23
18694015
18696684
18898469
18796751
19719212
19788028
20125664
18684235
18757751
18802425
Size:24
42462619
42402559
42420285
42311280
42403984
42271079
42499031
42545216
42142051
42629620
Size:25
98341290
97507849
97904449
98143488
97675093
97666873
97390707
97644235
97453550
97875529
Size:26
258221242
258941384
264452161
259159789
255491485
256627540
256198899
261716423
258820944
257869137
Size:6
7
8
8
8
8
8
8
8
7
8
Size:7
20
16
16
16
17
16
17
16
17
18
Size:8
44
35
36
39
37
36
46
44
32
36
Size:9
106
80
82
82
84
97
81
81
79
77
Size:10
230
193
202
191
186
190
190
196
200
192
Size:11
510
518
502
503
498
508
616
524
501
541
Size:12
1219
1196
1333
1178
1596
1149
1177
1167
1178
1166
Size:13
2851
2711
2660
3244
2726
2713
2803
2744
2995
2715
Size:14
8954
11602
10392
7629
6972
6558
6389
6491
6255
6492
Size:15
16249
14884
16000
15339
15127
15402
17824
14890
15337
29318
Size:16
38773
40157
39916
39561
38972
40908
40265
41884
36506
35068
Size:17
96286
115753
113859
95638
113329
106818
120510
138502
134786
111247
Size:18
375301
361810
446343
307498
679074
333266
328496
313814
360490
254301
Size:19
659946
673969
688971
670953
625928
640674
665007
631905
